L0 = 5.60;      %cm
L1 = 5.44;      %cm
L2 = L1;        %cm
M0 = .001*210.2;     %g
M1 = 10000*120.2;     %g
M2 = .001*M1;        %g
I0 = .001*1499.7;    %g-cm^2
I1 = 10000*895.1;     %g-cm^2
I2 = .001*I1;        %g-cm^2