L0 = 5.60;%/100;      %cm
L1 = 5.44;%/100;      %cm
L2 = L0;        %cm
M0 = 210.2;%/100;     %g
M1 = 120.2;%/100;     %g
M2 = M0;        %g
I0 = 1499.7;%/100;    %g-cm^2
I1 = 895.1;%/100;     %g-cm^2
I2 = I0;        %g-cm^2
L3=L1;
M3=M1;
I3=I1;
