L0 = 5.60;      %cm
L1 = 5.44;      %cm
L2 = L1;        %cm
M0 = 210.2;     %g
M1 = 120.2;     %g
M2 = M1;        %g
I0 = 1499.7;    %g-cm^2
I1 = 895.1;     %g-cm^2
I2 = I1;        %g-cm^2